-2.14409 0.524199 -1.49883 
-3.23522 0.777143 -2.20528 
-2.62631 0.0790891 -0.899732 
-1.44238 1.03694 -2.33245 
-1.57584 0.605355 -1.93134 
-2.75079 -0.0765339 -2.54179 
-2.09832 -0.269471 -2.15215 
-2.03587 -0.734037 -2.36082 
-1.56343 -0.910293 -2.07587 
-2.07726 0.0417806 -1.10288 
-2.02268 0.582423 -0.932415 
-1.6267 0.589415 -1.25202 
-1.22483 -0.663767 -1.57448 
-2.00117 -0.615863 -0.671996 
-0.992767 0.481767 -1.44025 
-1.43714 0.476607 -1.17959 
-1.15913 0.395545 -1.77338 
-1.97262 0.441818 -0.250116 
-2.66229 0.831545 0.189025 
-1.70116 0.537208 -0.793202 
-2.00162 -0.311764 -0.444347 
-1.70569 0.0527851 -0.463306 
-1.06241 0.253854 -0.948629 
-1.52455 0.353845 -0.752009 
-1.07518 0.231137 -1.01423 
-0.939862 0.274567 -0.959046 
-1.1949 -0.758313 -1.08273 
-1.09917 -0.326383 -1.2105 
-1.00811 -0.236607 -1.35208 
-0.84504 -0.249312 -0.810903 
-0.902789 0.04648 -1.38848 
-0.938412 -0.0685746 -1.0893 
-0.861906 0.0942632 -1.03883 
-2.31763 1.41148 -1.10428 
-1.46131 1.30916 -1.59173 
-1.80347 2.6004 -1.53091 
-1.45851 1.58333 -2.14695 
-1.76486 1.69252 -2.89251 
-1.68493 0.961308 -1.2158 
-1.2295 1.17614 -1.23919 
-1.18012 1.24848 -1.54524 
-0.770429 1.44864 -1.07247 
-1.71397 0.895119 -1.08311 
-2.1419 1.22471 -0.0365895 
-1.4174 0.968747 -1.20966 
-1.25198 0.572068 -1.08978 
-0.842564 0.517939 -1.47543 
-1.245 0.655245 -1.28725 
-0.714681 1.1784 -1.13419 
-1.40409 0.906159 -0.459399 
-1.02539 0.795058 -0.717824 
-1.09226 0.730339 -0.872626 
-0.965539 0.440021 -0.763468 
-1.26817 0.51732 -0.995313 
-0.965078 0.431586 -0.819442 
-0.76015 0.898355 -0.762194 
-0.55519 0.873736 -1.07254 
-0.988827 1.24124 -0.488837 
-0.765812 1.61676 -0.579381 
-0.653487 1.31163 -0.776646 
-0.836708 1.24681 -0.842457 
-0.427123 0.91589 -0.876613 
-0.730247 1.01396 -1.09445 
-0.361346 1.03434 -0.814311 
-1.43419 0.689342 0.367352 
-2.09041 0.984054 0.953728 
-1.28549 0.24316 0.738912 
-1.93921 0.203416 0.312353 
-2.11664 0.0732024 0.472528 
-1.69559 0.210206 0.136047 
-2.11486 0.206503 -0.0659305 
-1.47199 0.467509 -0.0997799 
-1.59787 0.682706 -0.239739 
-1.25002 0.532789 0.481931 
-1.15311 0.59145 0.50692 
-1.13325 0.21064 0.312141 
-1.02182 0.720753 0.357536 
-0.748723 0.644366 0.170669 
-1.22328 0.854975 -0.0985175 
-1.15053 1.06506 -0.252143 
-1.02433 1.04596 0.165294 
-1.64244 0.223422 -0.216099 
-1.68155 -0.0503465 -0.0255412 
-1.45734 -0.0345266 -0.431477 
-1.24991 -0.00666574 -0.376893 
-1.20173 -0.190611 -0.24359 
-1.08922 -0.349491 -0.541003 
-1.03706 -0.135164 -0.288512 
-1.05199 -0.173476 -0.146806 
-1.24507 -0.0308554 0.18622 
-1.15478 -0.0104223 0.275003 
-0.848041 0.125556 0.26892 
-1.04779 0.0350177 -0.413191 
-0.971084 0.449884 -0.121104 
-0.995986 0.721505 -0.168785 
-0.816175 0.28966 -0.0494962 
-0.760216 -0.214027 -0.612502 
-1.02882 -0.355443 -0.585964 
-0.749699 -0.187745 -0.335859 
-0.761432 0.00592552 -0.460054 
-0.668526 0.165496 -0.767831 
-0.463198 -0.0805662 -0.25211 
-0.446497 0.0473887 -0.355556 
-0.447443 0.156617 -0.536162 
-0.402146 -0.147082 -0.248863 
-0.604758 -0.0544172 0.0489317 
-0.739154 0.0742818 -0.169115 
-0.454179 0.0527962 -0.0808169 
-0.39733 0.179358 -0.151781 
-0.453862 0.290099 0.0666881 
-0.600933 0.279407 0.210863 
-0.394529 0.125753 -0.0480364 
-0.873652 0.548022 -0.365519 
-0.873095 0.40888 -0.418903 
-0.644677 0.231583 -0.415718 
-0.583097 0.203803 -0.809199 
-0.518101 0.284541 -0.381086 
-0.321991 0.256649 -0.22978 
-0.514548 0.538691 -0.218889 
-0.232586 0.583138 -0.391614 
-0.562138 0.970113 -0.469698 
-0.719257 0.674482 -0.0804972 
-0.501321 1.08137 -0.423615 
-0.335844 1.29517 -0.601833 
-0.528609 1.36904 -0.633604 
-0.686234 1.45 -0.548401 
-0.64078 0.599556 -1.17761 
-0.550712 0.66068 -1.21706 
-0.481017 0.707929 -1.08218 
-0.597531 0.532885 -1.55806 
-0.269517 0.250222 -1.56872 
-0.0738736 0.517883 -0.70859 
-0.368631 0.422554 -0.898497 
-0.30964 0.769852 -0.685956 
0.128533 0.455453 -1.09576 
-0.390818 1.15585 -1.17037 
-0.284726 2.3413 -1.55069 
0.401004 1.22427 -1.13351 
-0.272125 0.943824 -0.908949 
-0.125251 1.07041 -0.590321 
-0.181588 0.839058 -1.06095 
-0.240568 0.89009 -0.961091 
0.203541 0.739264 -1.22588 
-0.368944 0.314643 -0.632638 
-0.271972 0.164996 -0.809463 
-0.323387 0.154513 -1.02117 
-0.0431651 0.299701 -0.654202 
0.0386768 0.204562 -0.740849 
0.0732708 0.198307 -0.505566 
-0.0195509 0.217238 -0.331729 
0.107321 0.326736 -0.627898 
0.192893 0.453598 -1.0033 
0.0432344 0.347632 -0.862572 
0.344952 0.5104 -0.736471 
0.185495 0.640967 -0.60733 
0.432101 0.19698 -0.735045 
0.531811 0.13888 -1.01635 
0.488031 0.492293 -0.96074 
-0.484323 -0.168844 -0.674516 
-0.452902 -0.0590753 -0.704069 
-0.399381 0.135538 -0.638829 
-0.302042 -0.104275 -0.767112 
-0.284387 -0.298274 -0.73468 
-0.648915 -0.474457 -1.01393 
-0.543617 -0.0367438 -1.04033 
-0.200332 -0.299507 -1.09702 
-0.174777 -0.312495 -1.07084 
-0.367161 -0.139209 -1.28781 
-0.943747 -0.174541 -1.4656 
-0.374839 -0.559249 -1.29369 
-0.305126 -0.418833 -1.30504 
-0.243326 -0.459711 -1.50007 
-0.238061 -0.161877 -1.41486 
-0.0706387 -0.190753 -1.20437 
-0.21741 -0.162235 -0.412991 
-0.177003 -0.0532367 -0.41648 
-0.147186 -0.193485 -0.402507 
0.0958028 0.0111726 -0.391697 
-0.23111 0.150076 -0.463698 
0.0220134 0.162734 -0.328015 
0.180427 0.113044 -0.371952 
0.310025 0.0843197 -0.416733 
0.312904 -0.143702 -0.80863 
0.239386 -0.0919276 -0.882205 
0.256733 -0.0836946 -0.73448 
0.366882 0.0108072 -0.863494 
0.459568 -0.00540699 -0.666135 
0.562734 -0.214877 -0.649708 
0.587069 0.173362 -0.550368 
-1.0424 -0.238673 -2.6078 
-1.1278 0.433785 -2.24916 
-0.25442 0.167166 -1.79096 
-0.0292641 0.304294 -1.77263 
-0.11796 0.0813398 -1.71932 
-0.900058 0.74077 -2.58697 
-0.189904 0.226236 -2.32102 
0.677413 -0.0451814 -3.09424 
0.600219 1.16626 -3.56472 
-0.022118 2.06825 -2.53244 
-0.105844 1.41125 -1.53533 
0.2266 1.04067 -1.63801 
0.311291 1.12238 -1.50846 
0.191257 0.86069 -1.36984 
-0.101899 0.408643 -1.56106 
0.350999 0.586646 -1.47033 
0.514913 0.499003 -2.12039 
0.364514 0.29448 -1.21385 
0.376845 0.606838 -1.47269 
0.697378 0.970823 -1.2884 
0.838257 0.631449 -2.3014 
1.46011 0.945783 -1.80772 
0.3471 1.57394 -1.68874 
0.26739 1.96588 -1.40736 
0.947359 1.51799 -2.56466 
1.10983 0.378224 -1.10043 
0.979148 0.263828 -1.24733 
1.12466 0.185468 -1.48582 
1.57671 0.386093 -1.75426 
1.03191 0.0496667 -2.86924 
1.1965 0.247258 -1.99374 
1.50701 0.94916 -2.18097 
-0.497918 -0.972343 -2.77306 
-0.502747 -0.56039 -2.00221 
-0.338255 -1.2408 -2.85367 
0.0722236 -0.853943 -1.91217 
0.462186 -0.410401 -2.30438 
-0.218776 -0.648366 -1.63131 
0.29053 -0.786737 -1.68765 
0.190126 -0.480976 -1.95847 
0.29597 -0.716986 -1.39668 
0.484569 -0.515305 -1.59931 
0.454019 -0.438572 -1.15758 
0.663075 -0.202543 -1.59399 
0.344473 -0.0731453 -1.60066 
1.0306 -0.302456 -2.26887 
0.760755 -0.702134 -1.76639 
1.33377 -0.575342 -2.62908 
0.612384 -0.00488815 -1.11002 
0.657565 -0.162042 -0.961164 
0.636682 -0.338657 -1.27135 
0.903632 -0.540246 -1.53807 
0.701884 -0.512059 -1.27554 
0.888726 -0.402864 -1.25628 
1.25041 -0.0620971 -1.10528 
1.38516 -0.277951 -0.992827 
1.09575 -0.337993 -1.46743 
1.05796 0.00581118 -1.46913 
1.41697 -0.0464467 -1.19187 
1.47653 0.182658 -1.45091 
1.40839 -0.465914 -2.07033 
1.39615 -0.0381395 -2.12721 
-2.32246 -0.551192 0.765261 
-2.41906 -1.51384 0.477958 
-1.58197 -0.810066 0.44781 
-2.14279 -0.15189 0.394183 
-2.12177 -0.577871 0.209068 
-1.56437 -0.772152 0.369353 
-1.40318 -1.05218 0.337355 
-1.61909 -1.11755 0.462436 
-1.45929 -0.580515 0.238406 
-2.05788 -1.11989 -1.1106 
-2.05355 -1.03681 -1.05168 
-1.60348 -0.9833 -0.534548 
-1.75274 -0.904805 -0.167899 
-1.53727 -0.4636 -0.274686 
-1.58013 -0.916175 -0.0846468 
-1.31874 -0.624442 0.13361 
-1.24086 -1.26805 -0.00618779 
-1.37997 -1.0945 -0.612652 
-1.32022 -1.0125 -1.18993 
-0.842135 -0.750952 -1.01853 
-0.816921 -0.684331 -0.6056 
-0.829008 -0.624215 -0.597663 
-1.04073 -0.560108 -0.138985 
-1.04359 -0.562775 -0.39053 
-1.0089 -0.425684 -0.483491 
-0.609008 -0.413721 -0.456912 
-0.862248 -0.958766 0.159863 
-0.791496 -0.889371 0.107801 
-0.673577 -1.10614 -0.0272632 
-0.601303 -0.679175 -0.00652646 
-0.400552 -0.772394 -0.296804 
-0.431937 -0.761306 -0.476942 
-0.268339 -0.862222 -0.147643 
-1.3234 -2.31651 -0.218804 
-1.44101 -2.32931 -0.186857 
-1.10343 -2.28914 -0.743742 
-1.1217 -2.8008 -0.374036 
-1.15908 -2.93355 -0.592547 
-1.69304 -1.70427 -0.861996 
-1.08689 -1.44295 -0.675403 
-1.29746 -1.52378 -0.249578 
-0.794613 -1.41403 -0.237094 
-1.43664 -1.86434 -1.80633 
-2.21132 -1.40236 -1.12317 
-1.03698 -1.09701 -1.20949 
-0.988832 -1.35499 -0.970384 
-0.663646 -1.1994 -0.73584 
-0.939854 -0.941951 -1.25296 
-1.02265 -1.41091 -0.785028 
-1.28154 -1.48573 0.201689 
-1.52287 -1.74079 0.331807 
-0.984832 -1.55561 0.465057 
-0.945168 -1.364 0.307967 
-0.893331 -1.29801 0.102087 
-0.611918 -1.87825 0.168178 
-0.544894 -1.84809 0.37939 
-0.482618 -2.62748 0.712442 
-0.669671 -1.23985 -0.227657 
-0.7041 -1.1402 0.0103882 
-0.491227 -1.29041 -0.148037 
-0.532523 -1.34856 0.107586 
-0.401639 -1.10656 0.100193 
-0.392686 -1.01243 -0.0788125 
-0.189323 -1.26013 0.0671027 
-1.6369 -0.0180754 1.11963 
-2.00438 -0.0872164 1.11629 
-1.54983 -0.269926 0.439086 
-1.32155 0.0129467 0.483784 
-1.03447 -0.353082 0.636551 
-0.9722 -0.712399 0.746432 
-0.924377 -0.510538 0.534786 
-0.843857 -0.202997 0.696219 
-0.876347 -0.0940366 0.532373 
-0.887844 -0.310938 -0.0383794 
-0.784784 -0.460664 0.255068 
-0.634585 -0.278845 0.477697 
-0.790736 -0.532916 0.51955 
-0.697749 -0.773396 0.451355 
-0.790161 -0.154825 0.153367 
-0.626076 0.00313923 0.31597 
-0.608946 -0.0702969 0.42325 
-0.812709 -0.524203 0.0416699 
-0.55623 -0.542502 0.433255 
-0.415548 -0.592759 0.297671 
-0.252353 -0.710846 0.247288 
-0.422521 -0.383067 0.413865 
-0.0244367 -0.701178 0.154386 
-0.253718 -0.823534 0.0784561 
-0.137823 -0.489237 0.292297 
-0.450561 -0.231474 0.0843371 
-0.611847 -0.520575 -0.0372645 
-0.390518 -0.25361 0.0370776 
-0.488792 -0.250335 0.201848 
-0.218421 -0.290194 0.0773418 
-0.350705 -0.380635 -0.238974 
-0.0461392 -0.144618 -0.0806019 
-1.2763 -1.23002 0.740418 
-1.29117 -1.07346 0.692344 
-1.07326 -0.899942 1.10398 
-1.25588 -0.914218 1.3275 
-1.08036 -0.636057 1.10845 
-0.703996 -0.734764 0.726842 
-0.843198 -0.706968 1.00194 
-0.832279 -0.933933 0.479756 
-0.57133 -1.09303 1.05199 
-0.773245 -1.09502 0.482167 
-0.666587 -1.0756 0.661188 
-0.312828 -1.09223 0.423192 
-0.50379 -0.699364 0.639062 
-0.317869 -1.15321 0.215205 
-0.296742 -1.02748 0.363303 
-0.111743 -0.884543 0.201087 
-1.07102 -1.474 1.33998 
-1.0959 -2.105 1.13539 
-0.559645 -1.89157 1.14925 
-0.530641 -1.49989 1.20284 
-0.31194 -1.71091 1.21734 
-0.535595 -1.76823 0.832655 
-0.515672 -1.73492 0.676292 
-0.45884 -2.37878 0.941495 
-0.476972 -1.41842 0.920463 
-0.295965 -1.24746 0.426768 
0.0139933 -1.43559 0.655788 
-0.22147 -1.29791 0.277552 
-0.237235 -1.54799 1.04284 
0.0209438 -1.65279 0.82947 
-0.546884 -2.68693 0.0111426 
-0.551659 -2.5794 -0.405103 
0.0906465 -2.42596 -0.562171 
-0.160408 -1.99504 -0.422147 
-0.716618 -1.94595 -0.662125 
-0.304397 -1.33941 -0.591709 
-0.187125 -1.18831 -0.06342 
-0.0606745 -1.11286 -0.0707599 
0.0174214 -1.69898 -0.462405 
-0.19895 -1.18568 -0.82463 
-0.215268 -1.1517 -0.699745 
-0.19964 -1.31925 -1.00976 
-0.034134 -1.13889 -0.778392 
0.129236 -1.33297 -0.817306 
0.226511 -1.2965 -1.01748 
0.364471 -1.17162 -0.58236 
0.727094 -1.3239 -0.780793 
-1.2584 -2.10193 -1.57825 
-1.2447 -1.79226 -1.52255 
-0.503136 -1.5297 -1.57439 
-0.500839 -2.22966 -1.26301 
-0.304976 -2.45911 -0.991063 
-0.515055 -1.40423 -1.2162 
-0.547903 -1.5093 -1.32598 
-0.0603693 -1.49021 -1.19728 
-0.330657 -1.48005 -1.76284 
0.194132 -1.43101 -1.55637 
0.219374 -1.84862 -1.46325 
0.0507615 -1.39086 -1.06824 
-0.0983436 -2.39881 -2.38762 
0.638872 -2.04326 -2.90552 
0.663808 -1.26108 -1.72481 
0.186486 -1.60982 0.346653 
-0.0330779 -1.821 0.356152 
0.116938 -1.25219 0.0983964 
0.504922 -1.26461 0.0875109 
0.337298 -1.50085 -0.0522528 
0.459342 -1.52969 -0.324161 
0.373346 -1.86407 -0.394034 
0.571043 -2.15296 -0.372634 
0.768243 -1.55091 0.107174 
0.375804 -2.39787 0.405544 
-0.0271765 -2.23178 0.654269 
0.0560377 -2.51526 0.189984 
0.194435 -2.17526 -0.105236 
0.254487 -3.64913 -0.229954 
0.363414 -2.47293 -0.0554282 
1.07703 -2.73013 0.574497 
0.574111 -1.45718 -0.203223 
0.744135 -1.25214 -0.0751417 
0.884557 -1.55086 -0.227519 
0.609482 -1.55981 -0.30784 
0.775529 -2.0071 -0.783035 
1.1837 -1.86741 -0.13295 
1.10936 -1.58659 -0.0672384 
1.39633 -1.87671 -0.0650059 
1.23965 -2.02887 -0.921936 
1.25981 -1.92028 -0.890453 
1.41205 -1.37012 -0.89546 
1.37059 -1.28402 -0.872411 
1.08047 -2.12397 -0.860287 
1.68405 -2.0332 -0.425065 
1.7744 -1.88127 -0.305935 
-0.400571 -0.717636 -1.18459 
-0.737374 -0.833421 -1.24697 
-0.493431 -0.859901 -0.85622 
-0.300454 -0.578956 -0.390664 
-0.037495 -0.851831 -0.570668 
0.100796 -0.686118 -0.630253 
-0.157663 -0.664733 -0.453982 
0.0417596 -0.491372 -0.714218 
0.0485108 -0.443539 -0.723142 
-0.176148 -0.985551 -0.175132 
-0.155742 -0.910588 -0.332913 
-0.0434001 -0.762777 -0.309635 
-0.194951 -0.664672 -0.308038 
-0.0650121 -0.323653 -0.305205 
-0.239203 -0.564853 -0.319704 
0.159572 -0.206375 -0.299206 
0.0778362 -0.490979 0.0335806 
0.0114266 -0.381592 -0.05445 
0.0527632 -0.560393 0.0423246 
0.0701706 -0.798691 -0.11554 
0.238554 -0.680316 0.215876 
0.119879 -0.0910841 -0.12605 
0.122933 -0.149152 -0.0683459 
0.224728 -0.192122 -0.322017 
0.0267749 -0.841152 -0.123824 
0.143308 -0.83715 0.0962221 
0.282105 -0.968084 0.0274121 
0.145407 -1.09373 0.080077 
0.374456 -0.930999 -0.278449 
0.499069 -0.872146 -0.0347505 
0.35828 -0.77058 -0.0185166 
0.148442 -0.72771 -1.15246 
0.120294 -0.6575 -0.848468 
0.229845 -0.788263 -1.12403 
0.257772 -0.453499 -0.915042 
0.513992 -0.530158 -0.944749 
0.189064 -0.5446 -0.740706 
0.280321 -0.504047 -0.632021 
0.344685 -0.46012 -0.696864 
0.323426 -0.317414 -0.575794 
0.619115 -0.276964 -0.321811 
0.35863 -0.370996 -0.397227 
0.670679 -0.450748 -0.31462 
0.637937 -0.136117 -0.421995 
0.462792 -1.11845 -0.640248 
0.592082 -0.779307 -0.114798 
0.718202 -1.14056 -0.0408995 
0.566569 -0.917229 -1.01019 
0.735775 -0.862821 -0.514752 
0.849222 -0.443525 -1.04921 
1.15101 -0.364339 -0.6812 
0.882544 -0.620087 -0.378322 
0.745904 -1.11901 -0.54359 
0.92084 -0.895053 -1.156 
1.38888 -1.20223 -0.839919 
1.18675 -0.991921 -1.34389 
1.28242 -0.482664 -1.23327 
1.37459 -0.363828 -1.03186 
1.41482 -0.346467 -1.06185 
1.63442 -1.28357 -0.641899 
1.85648 -0.733589 -1.20317 
-1.58757 0.237338 1.17539 
-1.7264 0.316924 1.20096 
-1.23461 0.297271 0.954886 
-1.05039 0.297398 0.957779 
-1.01357 0.460299 1.14202 
-1.14198 0.061508 0.859112 
-0.909325 0.0589561 1.04996 
-0.875561 -0.110555 0.780654 
-0.548268 0.0487822 1.02528 
-1.00658 -0.619397 1.37444 
-0.938123 -0.20033 1.31993 
-0.756923 -0.574593 1.19533 
-0.687744 -0.385892 0.849739 
-0.554223 -0.731245 1.06582 
-0.866762 -0.902163 1.24339 
-0.70502 -1.02128 1.3248 
-0.439864 -0.798001 1.31676 
-0.449734 0.0871859 0.756496 
-0.88914 0.32281 0.594929 
-0.422466 0.116782 0.275921 
-0.317266 0.161423 0.701325 
-0.32362 0.140307 0.545951 
-0.42527 -0.570062 0.678477 
-0.449622 -0.457831 0.694358 
-0.170244 -0.358989 0.736009 
-0.384499 -0.22823 0.926819 
-0.0843451 -0.0031247 0.241484 
-0.192701 0.0380358 0.227657 
-0.12032 0.0594553 0.387144 
-0.0978141 0.133805 0.340672 
-0.242023 0.409329 0.778718 
-0.131515 0.270066 0.482116 
0.2495 0.463767 0.924606 
-0.108375 -1.53057 1.11885 
-0.479249 -1.65207 1.60811 
-0.167041 -0.871439 1.29451 
0.318372 -0.987254 1.17076 
-0.0994256 -0.743362 1.27577 
-0.047737 -0.752338 0.822 
-0.173999 -0.587856 1.09826 
0.0296592 -0.845465 0.972199 
0.112795 -0.912987 0.999153 
-0.139247 -0.730022 0.690168 
-0.301197 -0.577736 0.68631 
0.027684 -0.568104 0.554296 
0.0200596 -0.449576 0.971801 
0.329318 -0.626245 1.02024 
0.266188 -0.551106 0.90369 
0.455189 -0.628176 1.12724 
-0.0209015 -0.288346 0.212358 
0.121379 -0.0064343 0.454393 
0.191767 -0.0549919 0.477122 
-0.0184397 -0.209508 0.787191 
0.2173 -0.238694 0.654183 
0.258215 -0.261299 0.690709 
0.203475 -0.282175 0.777768 
0.312557 -0.0962326 0.744069 
0.191325 -0.322653 0.934142 
0.155457 -0.213959 1.06069 
0.375216 -0.156408 0.972093 
0.232687 0.171898 0.925611 
0.337182 0.161974 0.845816 
0.301561 0.234966 0.96222 
0.315237 0.146703 0.65014 
-1.45984 0.100309 2.21157 
-1.23225 0.478427 1.94541 
-1.04691 0.292847 1.8993 
-0.843042 0.289537 1.66651 
-1.10171 0.809785 1.67724 
-1.85496 -0.342025 2.49176 
-0.52487 -0.213023 2.84374 
-0.66968 0.529198 2.92794 
-0.201553 0.00462009 2.33507 
-0.692214 0.415684 1.42656 
-0.773918 0.583655 1.37974 
-0.654102 0.452442 1.1512 
-0.629873 0.430561 1.69806 
-0.687863 0.314365 1.50686 
-0.210723 0.533274 1.55515 
-0.292891 0.149001 1.31211 
-0.147712 0.619165 1.54048 
0.126853 0.944951 2.22166 
-0.256609 1.00167 2.13482 
0.253678 0.753791 2.18555 
0.591625 0.19496 2.10122 
0.340918 0.193494 2.22906 
0.501313 0.848197 2.81447 
0.178458 1.41017 4.25313 
1.47917 1.18813 2.66683 
-0.0415424 0.855697 1.64027 
0.419051 0.707597 1.64806 
0.793436 0.58685 1.4894 
0.501375 0.160732 1.80166 
0.2458 0.168959 1.07022 
0.629851 0.488814 0.971043 
0.680938 0.534971 1.36959 
-0.579322 -0.266376 1.51093 
-0.90327 -0.536419 1.50225 
-0.374153 -0.510392 1.49392 
-0.122387 -0.211173 1.83212 
-0.0920075 -0.445273 1.29907 
0.306943 -0.437888 1.27482 
-0.104888 -0.397553 1.24852 
0.439314 -0.181854 1.42276 
0.245018 0.064171 1.54397 
0.451408 -0.0190768 1.54708 
0.413458 -0.178271 1.06683 
0.493696 -0.450653 1.21292 
0.554398 -0.0368021 1.60488 
0.703333 0.189133 1.05948 
0.529013 0.239473 0.939847 
0.629742 0.00356888 1.18297 
-0.315563 -0.52596 2.06348 
-0.76397 -0.842331 1.59582 
-0.133794 -1.16152 1.57384 
0.273311 -0.939128 1.27388 
0.147857 -1.197 1.41345 
0.410651 -0.704931 1.45838 
0.264531 -0.864555 1.61163 
1.03285 -0.0130918 2.20502 
0.310201 -0.686852 2.44802 
-0.361206 -0.811544 2.52345 
0.406476 -1.00295 1.73223 
0.997402 -0.606065 2.07077 
0.920044 -2.29211 3.50093 
0.114964 -1.87862 2.61794 
-1.25602 0.628708 0.877438 
-1.08466 0.651383 0.636873 
-0.855062 0.628846 1.13691 
-0.999085 0.728848 0.475067 
-0.855565 0.578937 0.518877 
-1.0997 1.05637 0.552937 
-0.790268 0.839281 0.631846 
-0.569165 1.03052 0.552852 
-0.693099 0.823449 0.176029 
-0.362566 0.771053 0.669581 
-0.108678 0.586404 0.579983 
-0.300806 0.370991 0.544893 
-0.232765 0.677054 0.314531 
-0.162058 0.678667 0.104975 
-0.135322 0.48198 0.807668 
-0.419601 0.771707 0.691652 
0.0224846 0.612559 0.826104 
-0.244545 0.337474 0.100639 
-0.258741 0.248385 0.0925318 
-0.196715 0.324124 0.251699 
-0.121174 0.53056 0.13685 
-0.0492071 0.553216 0.187659 
-0.12011 0.362413 0.0320748 
-0.013375 0.323768 -0.126386 
0.0555527 0.466084 -0.102631 
0.0525393 0.355007 0.512392 
0.0329992 0.30299 0.524419 
0.0963286 0.443046 0.537968 
0.309143 0.542874 0.754691 
0.0648788 0.71739 0.394869 
0.164929 0.616992 0.137363 
0.481854 0.663976 0.425449 
-1.00173 1.63059 0.370628 
-0.961155 1.60565 0.285549 
-0.801678 1.29271 0.0877 
-0.502373 1.12981 0.314527 
-0.644298 1.36546 0.564072 
-0.264423 0.801379 0.052277 
-0.4148 0.806151 0.180708 
-0.227939 0.923974 0.342231 
-0.0999023 1.07582 0.18558 
-0.187154 0.666425 -0.0357413 
-0.284098 0.750842 -0.154837 
-0.024911 0.6422 -0.261576 
0.160427 0.705462 0.00956252 
0.257576 0.984253 0.10073 
0.228427 1.29235 -0.153122 
0.247007 0.977801 0.395746 
-0.333468 1.73024 0.0557374 
-0.439569 1.65817 0.214622 
-0.260653 1.52499 0.106378 
-0.386525 1.52463 -0.284075 
-0.147673 1.55288 -0.300716 
0.117882 1.66041 -0.129901 
-0.122444 1.4405 -0.184436 
0.34345 1.35206 -0.181375 
-0.0753315 2.27261 -1.12465 
-0.24878 2.22552 -0.669267 
-0.131655 2.49627 -1.09456 
0.0192487 1.66605 -0.757933 
0.0661702 2.06507 0.0562799 
-0.240173 2.20684 -0.15912 
0.0742868 1.64408 -0.405544 
-1.29294 1.06171 1.42896 
-1.03023 1.07412 1.19203 
-0.724651 1.33767 1.27304 
-0.583156 1.56796 1.58851 
-0.604257 1.58113 1.88816 
-0.877359 1.79552 0.817047 
-1.61837 1.76602 1.16212 
-0.626008 2.25166 1.06362 
-0.702283 1.90365 0.474469 
-0.238696 1.36044 1.04885 
-0.591062 1.5967 0.670502 
-0.255663 1.19826 1.08207 
-0.10362 1.98363 1.47073 
0.125005 0.986866 0.669005 
-0.234908 0.978179 0.967198 
-0.0934887 1.36239 0.619759 
-0.853965 2.61563 0.775265 
-1.25662 2.65442 0.495266 
-0.680652 2.7594 0.892409 
-0.326385 2.26347 0.671918 
0.0578216 2.75584 -0.112193 
-0.301643 2.78038 1.99553 
-0.0909536 2.38639 1.67911 
0.782768 3.09821 0.976766 
0.19886 1.67166 0.361444 
-0.0729945 2.10381 0.281028 
0.259869 1.51781 0.563341 
0.398773 1.48352 0.390106 
0.314188 1.35693 0.737235 
0.469198 2.10392 0.712141 
0.419559 2.05078 1.5031 
0.134157 0.591911 0.914906 
0.0435492 0.906458 1.29645 
0.334556 0.841361 1.42347 
0.116995 0.987885 1.33242 
0.126567 1.14583 1.28656 
0.229166 0.941292 0.692208 
0.249586 0.999077 0.803676 
0.467703 0.797454 0.937918 
0.589571 0.74745 0.982926 
0.716182 1.26311 0.894951 
0.460741 1.39999 0.775494 
0.675499 1.14589 0.373377 
0.778899 0.83204 1.1308 
0.71124 1.53187 0.326289 
0.804585 1.3447 0.605154 
1.13295 1.7973 0.765653 
0.148446 1.35237 2.11586 
0.343684 1.49093 2.41545 
0.698978 1.38824 1.83115 
0.230284 0.983655 1.59602 
0.752442 1.1816 1.69419 
0.359578 1.17006 1.38046 
0.274147 1.24806 1.31258 
0.99254 1.13139 1.66382 
0.57552 1.67228 1.26292 
0.721333 1.58856 1.61822 
0.604794 1.79059 1.776 
0.815884 1.27648 1.37121 
1.39944 2.35821 1.14109 
1.10993 1.79172 1.6008 
0.342621 -0.00887233 -0.070786 
0.328211 -0.0638305 -0.155449 
0.35324 0.127322 -0.121728 
0.322854 0.225714 0.0663738 
0.618396 0.165061 -0.11752 
0.347692 0.487244 0.0540443 
0.608783 0.390524 -0.0840341 
0.469159 0.434544 -0.311767 
0.713908 0.402496 -0.0331998 
0.37823 0.590345 -0.136579 
0.365727 0.64955 -0.400156 
0.393587 0.633444 -0.427974 
0.353186 0.953092 -0.247185 
0.524981 0.705638 -0.0893163 
0.525206 1.11297 -0.365523 
0.462602 1.05265 0.101175 
0.770672 1.10843 -0.279089 
0.583215 0.189996 0.291443 
0.383139 0.228278 0.230119 
0.630457 0.426136 0.195656 
0.706293 0.558518 0.390947 
0.831966 0.419247 0.501129 
0.622761 0.478094 0.6462 
0.780146 0.466789 0.737819 
0.792476 0.371041 0.715116 
0.772129 0.151419 0.139338 
0.828014 0.0756345 0.0522666 
1.03804 0.128873 -0.0118153 
0.914219 -0.083913 -0.0771802 
1.00402 0.52771 0.174859 
1.04213 0.564112 0.195637 
1.30485 0.185638 0.160328 
0.893821 0.914257 -0.0829834 
0.978513 0.751701 0.174131 
1.19113 0.935439 0.0599932 
1.05466 0.799971 0.171786 
1.02005 0.883489 0.319278 
1.03579 1.01381 0.862818 
1.05681 1.0243 0.771967 
1.11889 1.09729 0.52189 
1.08472 0.534737 0.597785 
1.30238 0.511544 0.662033 
1.04705 0.401858 0.667985 
1.37741 0.764273 0.90916 
1.30959 0.924144 0.956661 
1.61298 0.724909 0.196136 
1.4451 0.595014 0.633444 
2.16182 0.605109 0.497274 
0.687452 1.38297 0.0540366 
0.751122 1.27068 0.256862 
0.785143 1.09677 -0.194019 
1.19521 1.19531 0.0928779 
0.824935 1.12543 -0.0231235 
1.00608 1.40963 0.386995 
0.963392 1.31899 0.436889 
1.20831 1.21867 0.518266 
1.30869 1.47851 0.319759 
1.29625 1.77569 0.505684 
1.59278 2.72881 0.0958039 
2.40091 1.60008 0.954368 
1.51321 1.30634 0.924336 
1.164 1.43759 0.897616 
1.64891 1.01603 0.493922 
0.294481 1.80913 -0.804828 
0.137777 1.83592 -0.927133 
0.780412 1.85599 -0.606102 
0.620412 1.56028 -1.3643 
0.47 1.90595 -1.10283 
0.554758 1.23127 -0.60404 
0.435101 1.21314 -0.810011 
0.703966 1.35017 -0.707689 
0.562008 1.17 -0.415882 
0.58393 0.614494 -0.766034 
0.637059 0.919636 -0.563553 
0.579779 1.10418 -0.639937 
0.880373 0.95794 -0.584525 
1.07293 0.916867 -0.923709 
0.771087 0.580333 -0.578077 
0.932675 0.286893 -0.450202 
1.07911 0.804572 -0.505566 
1.13501 0.645276 -0.506836 
1.15337 0.770568 -0.495711 
1.47311 0.715429 -0.573225 
1.56233 1.04988 -0.417963 
1.46807 0.999905 0.0235196 
1.17121 1.84919 -0.379716 
1.6669 1.33485 0.150914 
2.17953 1.30405 -0.395727 
1.07052 1.25197 -1.20472 
1.33236 1.11598 -1.55278 
1.39917 1.63158 -1.27353 
1.71637 1.452 -1.6491 
1.51789 2.46386 -0.309316 
1.25326 1.4638 -0.870063 
2.56648 1.81673 -0.878216 
1.10711 0.162992 -0.604337 
0.841961 0.0345988 -0.596145 
1.11397 0.114596 -0.468404 
1.08828 -0.0707757 -0.377731 
1.05926 -0.184966 -0.450244 
1.18957 0.272455 -0.976286 
1.32076 0.435903 -1.17469 
1.35681 0.233102 -0.608605 
1.25855 0.206674 -0.569117 
1.32023 0.165652 -0.429413 
1.35956 0.626406 0.0394638 
1.55 0.611689 -0.591922 
1.52265 0.342224 -0.53255 
1.55813 0.116871 -0.701348 
1.831 0.13908 -0.238502 
1.85132 -0.296816 -0.771129 
1.84247 0.198823 -0.950518 
1.85755 0.378332 -0.946846 
1.85774 0.388972 -1.24083 
1.50244 0.580895 -0.964557 
1.98531 0.793106 -0.940383 
1.79987 0.5488 -1.6709 
1.48336 0.559461 -1.42631 
2.22926 0.624189 -1.83131 
2.29453 0.0197445 -0.910212 
1.85097 -0.0239926 -0.802122 
2.29239 0.162169 -0.569149 
2.43768 0.182064 -0.618728 
2.4016 0.833663 -0.146692 
2.65281 0.226674 0.0717547 
0.215054 -0.377857 0.47352 
0.661165 -0.400544 0.578562 
0.737694 -0.407671 0.558962 
0.883121 -0.587503 0.772031 
0.96524 -0.533916 0.503621 
0.776742 -0.266109 1.1953 
0.753519 -0.454392 1.05058 
0.796962 -0.501923 1.05617 
0.969618 -0.33571 0.885631 
0.359812 -0.654933 0.403193 
0.462369 -0.767011 0.415856 
0.70961 -1.02411 0.160348 
0.824112 -0.863694 0.594904 
0.898186 -0.730696 0.594183 
0.947584 -0.919951 0.32055 
0.915663 -0.81013 0.273949 
1.14052 -0.869084 0.369832 
0.416462 -0.887233 0.782814 
0.527441 -0.905596 0.91875 
0.765991 -0.723684 1.56277 
0.579091 -1.29801 0.7294 
0.840136 -1.54382 0.613332 
0.531303 -2.22757 1.76844 
1.25088 -2.03886 1.72277 
0.873763 -1.72761 0.499993 
0.680417 -1.4334 0.438415 
0.668385 -1.31256 0.54167 
0.769687 -1.1093 0.100972 
0.873191 -0.803959 0.781781 
1.53157 -1.04894 0.0899782 
0.927032 -1.14831 0.490991 
1.62163 -1.53461 0.424871 
0.189172 -0.220571 0.225989 
0.447253 -0.200626 0.148984 
0.316479 -0.184422 -0.081365 
0.430583 -0.037236 0.236685 
0.372954 -0.0646411 0.126613 
0.545265 -0.506504 0.308975 
0.45014 -0.533798 0.296369 
0.618184 -0.304309 0.121293 
0.578817 -0.45901 -0.153191 
0.507949 -0.293007 0.402284 
0.66358 -0.230439 0.560455 
0.621477 -0.0426395 0.202935 
0.673752 0.0865285 0.823532 
0.660155 -0.297692 0.22305 
0.755105 -0.196405 0.200946 
0.909181 -0.47478 0.410012 
0.748798 -0.404842 -0.263859 
0.835356 -0.580407 -0.00783581 
0.866057 -0.375557 0.10595 
1.12498 -0.62848 -0.129517 
1.03044 -0.486542 -0.262331 
1.22478 -0.327637 0.0625467 
1.12841 -0.562291 0.160922 
1.1475 -0.157487 0.100426 
1.2508 -1.06599 -0.181741 
1.37223 -1.16927 -0.14942 
1.47091 -0.652639 -0.233506 
1.28956 -0.573873 -0.0868869 
1.4191 -0.558735 -0.43267 
1.69957 -0.826441 -0.709603 
1.74272 -0.700608 -0.867992 
0.83306 0.154109 0.974356 
0.765553 0.299218 0.984943 
0.858376 0.165922 0.905002 
0.849205 0.226561 0.63923 
1.07823 0.194446 0.912986 
0.84317 0.294576 0.614574 
0.994933 0.0282588 0.606219 
1.27064 0.0113267 0.602686 
1.31623 0.270101 0.456992 
0.88995 0.209439 1.07646 
1.20366 0.0661581 0.863571 
1.22721 0.0635502 1.33669 
1.2702 -0.152889 0.540769 
1.22192 -0.516964 0.869636 
1.17692 -0.0898365 1.4266 
1.26911 -0.830785 1.29973 
1.57691 -0.119473 0.946471 
1.58835 0.199687 0.801907 
1.62404 -0.154987 1.33673 
1.69417 0.265451 1.38643 
1.56091 0.325322 1.31473 
1.52588 -0.273863 1.4996 
1.56382 0.288382 1.54586 
2.22404 0.0404194 1.81202 
1.81935 1.05706 1.69775 
2.08511 0.537384 1.52418 
2.12954 0.620471 1.11586 
1.66438 0.446613 1.1952 
2.18547 0.534886 0.800963 
2.07077 0.61799 1.08472 
2.31637 0.419348 0.768848 
1.42637 -0.64203 0.29969 
1.30705 -0.539571 0.446657 
1.64505 -0.542072 0.304123 
1.63999 -0.479831 1.08867 
1.68147 -0.620935 0.537423 
1.81323 -0.715898 0.835035 
1.73193 -0.49309 0.808002 
1.93516 0.0848297 0.600739 
2.58057 -0.250207 0.555494 
1.62518 -1.03305 0.944865 
1.98103 -0.582803 1.14605 
2.46639 -1.10732 1.36874 
2.1918 -2.43738 0.862115 
2.30853 -0.182965 0.964987 
2.3783 -0.637126 1.33711 
2.90047 -0.498674 1.85539 
1.58339 -0.066039 -0.0226482 
1.40611 -0.349765 0.121643 
1.67312 -0.176046 -0.15577 
2.01842 -0.65783 -0.538325 
1.93305 -0.85374 -0.539568 
2.38464 -0.287093 0.15992 
2.12795 -0.66848 -0.279397 
2.73907 -0.273406 -0.142724 
2.17761 -1.15795 0.272154 
2.03985 -0.808646 -0.435723 
2.57014 -1.59264 -0.524082 
2.68643 -2.00856 -0.211204 
3.27378 -0.414136 -0.324862 
2.75432 -0.699341 0.221252 
